-0.13344364
-0.12587952
-0.10785437
-0.09996837
-0.12507483
-0.11734976
-0.14841095
-0.14277809
-0.11525756
-0.10801531
-0.14519217
-0.13794993
-0.11686695
-0.10946376
-0.14647969
-0.13794993
-0.11960291
-0.11380911
-0.15162973
-0.14551405
-0.12266074
-0.11445287
-0.14969846
-0.14229528
-0.11477474
-0.10882001
-0.09996837
-0.14487030
-0.12539670
-0.11751070
-0.10865907
-0.10012931
-0.09015111
-0.14358279
-0.12346544
-0.11557944
-0.10189964
-0.09626678
-0.12024666
-0.11091221
-0.09336988
-0.13923744
-0.11751070
-0.10930282
-0.09868086
-0.14213434
-0.10962470
-0.10157776
-0.13440928
-0.12797172
-0.11252160
-0.10495748
-0.13199519
-0.12620140
-0.10318715
-0.09433552
-0.11960291
-0.11284348
-0.10109495
-0.09353082
-0.12266074
-0.11718883
-0.10318715
-0.09530115
-0.12700609
-0.12056854
-0.10222152
-0.09401364
-0.12008572
-0.11091221
-0.09514021
-0.13778899
-0.11863727
-0.11091221
-0.09755429
-0.08902453
-0.11895915
-0.11171691
-0.10576217
-0.09771523
-0.13119050
-0.12362638
-0.10189964
-0.09481833
-0.12475295
-0.11783258
-0.10061213
-0.09304800
-0.12652328
-0.12056854
-0.09755429
-0.09111674
-0.12942017
-0.12137323
-0.11445287
-0.10672780
-0.09159956
-0.09143862
-0.12266074
-0.11445287
-0.10173870
-0.09530115
-0.13778899
-0.12925923
-0.11075127
-0.10431372
-0.09417458
-0.13730617
-0.12201699
-0.11509662
-0.10431372
-0.09642772
-0.13875462
-0.13215613
-0.10994658
-0.10173870
-0.13794993
-0.13070768
-0.11751070
-0.10849813
-0.09143862
-0.08854172
-0.12233887
-0.11445287
-0.10045119
-0.09497927
-0.12958111
-0.12089042
-0.11316536
-0.10656686
-0.09401364
-0.13634054
-0.12121230
-0.11429193
-0.10125588
-0.09272613
-0.12491389
-0.11847634
-0.09787617
-0.09031205
-0.12700609
-0.11976385
-0.10640593
-0.09884180
-0.09240425
-0.08982923
-0.12427013
-0.11574038
-0.09594490
-0.08982923
-0.12427013
-0.11606225
-0.10238246
-0.09610584
-0.12684515
-0.11976385
-0.11236066
-0.10495748
-0.09771523
-0.08982923
-0.12748891
-0.61223629
-3.61905294
-3.67618632
-3.62372017
-3.68358952
-3.63579060
-3.70064907
-3.54856163
-3.71658204
-3.56835713
-3.59700428
-3.57833535
-3.61712167
-3.60199340
-3.64496413
-3.61100598
-3.67023157
-3.63015774
-3.69050990
-3.63900939
-3.70756945
-3.63900939
-3.70467255
-3.55902267
-3.59700428
-3.57431188
-3.60118870
-3.58638231
-3.62854834
-3.60328091
-3.64979231
-3.62017951
-3.67972698
-3.61406383
-3.66298931
-3.61985763
-3.67715195
-3.62903116
-3.68552079
-3.63691718
-3.70370691
-3.64415944
-3.71448983
-3.64335474
-3.71416795
-3.56626492
-3.73267596
-3.57463375
-3.62339829
-3.58380728
-3.61132786
-3.58911827
-3.62661708
-3.60714345
-3.64753916
-3.61647791
-3.67264566
-3.62532956
-3.67747383
-3.64882667
-3.72124928
-3.57221967
-3.59378550
-3.56835713
-3.60344185
-3.57093216
-3.59539489
-3.56610398
-3.59104954
-3.57897911
-3.60311997
-3.58074944
-3.62259360
-3.59668241
-3.63643436
-3.60054494
-3.64882667
-3.61647791
-3.66749561
-3.63031867
-3.69356775
-3.64094066
-3.70225846
-3.65445954
-3.72800872
-3.63064055
-3.68696924
-3.62645614
-3.68568173
-3.63160619
-3.68391140
-3.64190629
-3.70692569
-3.65526424
-3.72639933
-3.56594305
-3.60778720
-3.65333297
-3.72205397
-3.57592127
-3.60633875
-3.59121048
-3.62082327
-3.59121048
-3.62983586
-3.59265893
-3.62162796
-3.58332446
-3.61776543
-3.59619959
-3.63369840
-3.60215433
-3.65526424
-3.62323735
-3.67248472
-3.62291548
-3.67795665
-3.62468581
-3.67087533
-3.63772187
-3.70016625
-3.64818291
-3.70740851
-3.57205873
-3.74120573
-3.58251977
-3.60392466
-3.60118870
-3.63627342
-3.59426832
-3.62500768
-3.59281987
-3.63064055
-3.63015774
-3.68552079
-3.63884845
-3.70258034
-3.64609071
-3.70805227
-3.64914855
-3.71819143
-3.57302436
-3.73605568
-3.58541667
-3.63498591
-3.60456842
-3.64077972
-3.62404205
-3.67908322
-3.64448132
-3.70435067
-3.65783926
-3.72833060
-3.57753066
-3.73911352
-3.59169330
-3.62951398
-3.62597332
-3.67860041
-3.64770010
-3.71062729
-3.64914855
-3.71094917
-3.65478142
-3.72591651
-3.57624314
-3.73557286
-3.57914005
-3.61325913
-3.58686512
-3.61020129
-3.59008390
-3.62468581
-3.60215433
-3.63997502
-3.61776543
-3.67634726
-3.63723906
-3.69228023
-3.65655175
-3.72816966
-3.65848302
-3.72591651
-3.57157591
-3.74522921
-3.58284165
-3.60279809
-3.59169330
-3.62726083
-3.60971847
-3.64576883
-3.63643436
-3.68375046
-3.63031867
-3.68101449
-3.63675624
-3.69743028
-3.64126253
-3.69743028
-3.63739999
-3.70081001
-3.65558611
-3.72350243
-3.57527751
-3.60279809
-3.59169330
-3.62194984
-3.58815264
-3.63933126
-3.59442926
-3.62500768
-3.60344185
-3.64657352
-3.60440748
-3.63981408
-3.62565144
-3.68471609
-3.62709989
-3.67586444
-3.63884845
-3.70113188
-3.65574705
-3.72334149
-3.57028840
-3.61760449
-3.58123226
-3.60151058
-3.58251977
-3.61535134
-3.58654324
-3.61438571
-3.58847451
-3.63031867
-3.59137142
-3.61969669
-3.60859190
-3.65381578
-3.57930099
-3.74410264
-3.57286342
-3.61985763
-3.58284165
-3.60617781
-3.58879639
-3.62259360
-3.60151058
-3.63562966
-3.58251977
-3.62758271
-3.58863545
-3.61647791
-3.58429010
-3.61583416
-3.59072766
-3.61599510
-3.63112337
-0.27329943
-0.13022487
-0.12089042
-0.09594490
-0.09031205
-0.11493568
-0.10527935
-0.08999017
-0.14213434
-0.12056854
-0.11139503
-0.09771523
-0.09192143
-0.12137323
-0.11203878
-0.09385270
-0.09047298
-0.12475295
-0.11638413
-0.09546209
-0.14631875
-0.12330450
-0.11380911
-0.09336988
-0.09063392
-0.12410919
-0.11445287
-0.09819805
-0.09143862
-0.13167332
-0.12153417
-0.10270433
-0.09514021
-0.13119050
-0.12233887
-0.09562303
-0.08902453
-0.10318715
-0.09610584
-0.13119050
-0.12427013
-0.10463560
-0.09530115
-0.12797172
-0.12072948
-0.09594490
-0.08725421
-0.12105136
-0.11332629
-0.09401364
-0.14052495
-0.11863727
-0.10946376
-0.09272613
-0.13875462
-0.10978564
-0.10383090
-0.13859368
-0.13151238
-0.10865907
-0.10141682
-0.08999017
-0.13392646
-0.11686695
-0.10865907
-0.09127768
-0.13843275
-0.11397005
-0.10721062
-0.12974205
-0.12201699
-0.09916368
-0.09514021
-0.13811087
-0.12990299
-0.11123409
-0.10238246
-0.09304800
-0.13907650
-0.11606225
-0.10978564
-0.09031205
-0.13601866
-0.11171691
-0.10495748
-0.09336988
-0.13843275
-0.11171691
-0.10560123
-0.09224331
-0.13827181
-0.12185605
-0.11316536
-0.09884180
-0.09127768
-0.08644951
-0.13714524
-0.11203878
-0.10206058
-0.08580576
-0.13424834
-0.11236066
-0.10431372
-0.08821984
-0.14052495
-0.11912009
-0.11042940
-0.09143862
-0.14100777
-0.12185605
-0.11284348
-0.09353082
-0.09095580
-0.11879821
-0.11010752
-0.09240425
-0.08741515
-0.12829360
-0.12040760
-0.10608405
-0.10012931
-0.09691054
-0.14309997
-0.11557944
-0.10801531
-0.13955932
-0.13279989
-0.11461380
-0.10366997
-0.13070768
-0.12427013
-0.09819805
-0.09192143
-0.12620140
-0.11928103
-0.09481833
-0.09208237
-0.11525756
-0.10785437
-0.09336988
-0.13617960
-0.11380911
-0.10415278
-0.13360458
-0.12716703
-0.11622319
-0.10849813
-0.09047298
-0.13650148
-0.11638413
-0.10817625
-0.08838078
-0.13408740
-0.10801531
-0.10077307
-0.09401364
-0.13617960
-0.11364817
-0.10527935
-0.08934641
-0.13328270
-0.10608405
-0.09723241
-0.12491389
-0.11718883
-0.09626678
-0.13714524
-0.11075127
-0.10479654
-0.13698430
-0.13070768
-0.11059033
-0.10254339
-0.13344364
-0.12523576
-0.10946376
-0.10350903
-0.13312177
-0.12684515
-0.10592311
-0.10012931
-0.13199519
-0.12378732
-0.11010752
-0.10447466
-0.13344364
-0.12555764
-0.11107315
-0.10318715
-0.10061213
-0.14052495
-0.12958111
-0.12185605
-0.10350903
-0.09546209
-0.12217793
-0.11557944
-0.10302621
-0.09594490
-0.11928103
-0.11300442
-0.10157776
-0.14229528
-0.12072948
-0.11348723
-0.10350903
-0.09465739
-0.13038581
-0.12217793
-0.10882001
-0.10189964
-0.14068589
-0.13537491
-0.11493568
-0.10495748
-0.14519217
-0.13907650
-0.11767164
-0.10946376
-0.14229528
-0.13585773
-0.11413099
-0.10688874
-0.14326091
-0.13521397
-0.11574038
-0.10721062
-0.14068589
-0.13376552
-0.11751070
-0.11091221
-0.09449645
-0.14132964
-0.11895915
-0.11171691
-0.10383090
-0.09900274
-0.12604046
-0.11734976
-0.09546209
-0.09594490
-0.11847634
-0.10898095
-0.09787617
-0.14132964
-0.12249981
-0.11445287
-0.10592311
-0.10173870
-0.14116871
-0.13344364
-0.11670601
-0.10882001
-0.10238246
-0.14277809
-0.12652328
-0.63798647
-3.61567322
-3.66379401
-3.61374195
-3.66620809
-3.60714345
-3.65236733
-3.61615603
-3.67168002
-3.63047961
-3.68407234
-3.62758271
-3.68181919
-3.64448132
-3.70756945
-3.65172357
-3.71963989
-3.57302436
-3.59217611
-3.59298081
-3.63675624
-3.60891378
-3.65043606
-3.61358101
-3.67135815
-3.61663885
-3.65993147
-3.62790459
-3.68519891
-3.64947043
-3.71593829
-3.65526424
-3.72285867
-3.65204545
-3.72092740
-3.58622137
-3.62452487
-3.58107132
-3.60585593
-3.58284165
-3.62404205
-3.58203695
-3.60601687
-3.58300259
-3.61535134
-3.59716522
-3.63031867
-3.59652147
-3.65027512
-3.59974025
-3.63466403
-3.59314175
-3.63321558
-3.59652147
-3.62951398
-3.61164974
-3.66443776
-3.61744355
-3.66363307
-3.61921388
-3.67151909
-3.62806553
-3.67747383
-3.63498591
-3.68262388
-3.63047961
-3.68777394
-3.62951398
-3.69018802
-3.61857012
-3.66942688
-3.62420299
-3.68471609
-3.61808730
-3.66717373
-3.62355923
-3.68085355
-3.61261538
-3.65880490
-3.61744355
-3.67763477
-3.62484675
-3.67779571
-3.62404205
-3.68310670
-3.63031867
-3.68745206
-3.65510330
-3.72881342
-3.57189779
-3.73669944
-3.57044934
-3.60328091
-3.58622137
-3.61583416
-3.59346362
-3.64480319
-3.59491208
-3.62854834
-3.58509479
-3.62034045
-3.59571677
-3.63257182
-3.61036223
-3.66604716
-3.60955753
-3.65204545
-3.62790459
-3.68777394
-3.62178890
-3.67328942
-3.64287192
-3.71014448
-3.64174535
-3.70402879
-3.56690868
-3.73557286
-3.57093216
-3.73428535
-3.58058850
-3.62372017
-3.59555583
-3.63160619
-3.60875284
-3.65912677
-3.62693895
-3.67876135
-3.65075794
-3.70129282
-3.63595154
-3.69936155
-3.64255005
-3.71513359
-3.57189779
-3.59941837
-3.57157591
-3.61229350
-3.57930099
-3.61197162
-3.59314175
-3.63917032
-3.59925743
-3.63884845
-3.60746532
-3.66459870
-3.60907472
-3.65381578
-3.60102776
-3.65381578
-3.61969669
-3.67345035
-3.63579060
-3.70338503
-3.64206723
-3.70483348
-3.64818291
-3.72108834
-3.57173685
-3.59281987
-3.57672596
-3.62452487
-3.59475114
-3.63305464
-3.61116692
-3.66347213
-3.61374195
-3.66073616
-3.61824824
-3.67779571
-3.62532956
-3.67892229
-3.63691718
-3.70016625
-3.63482497
-3.69324587
-3.64544695
-3.71288044
-3.56835713
-3.73154938
-3.58300259
-3.62082327
-3.59137142
-3.62597332
-3.59990119
-3.65091888
-3.60617781
-3.64560789
-3.60987941
-3.66234556
-3.63965314
-3.69743028
-3.65558611
-3.71094917
-3.64415944
-3.70869602
-3.64866573
-3.72237585
-3.56755244
-3.73154938
-3.56224145
-3.73573380
-3.56996652
-3.73476817
-3.57286342
-3.60167152
-3.57753066
-3.60601687
-3.59394644
-3.64576883
-3.59813086
-3.63402027
-3.59684335
-3.64045784
-3.61052317
-3.65526424
-3.62050139
-3.67972698
-3.63820469
-3.70145376
-3.57109309
-3.59941837
-3.58573855
-3.61068411
-3.59169330
-3.64110159
-3.59636053
-3.62903116
-3.57881817
-3.60682157
-3.57447282
-3.73943540
-3.57334624
-3.60891378
-3.65445954
-3.72527276
-3.56980558
-3.73589474
-3.57318530
-3.73525098
-3.56706962
-3.74313700
-3.57962287
-3.74297606
-3.57994474
-3.61245444
-3.58251977
-3.60215433
-3.58139319
-3.62372017
-3.59668241
-3.62790459
-3.60955753
-3.65542517
-3.60810908
-3.64432038
-3.63836563
-0.27989792
-0.10061213
-0.14841095
-0.12217793
-0.11380911
-0.13070768
-0.12105136
-0.09143862
-0.14390466
-0.12153417
-0.11300442
-0.09755429
-0.14825001
-0.12024666
-0.11026846
-0.14776720
-0.14036401
-0.11767164
-0.10898095
-0.15002034
-0.14342185
-0.11493568
-0.10576217
-0.14100777
-0.13376552
-0.11252160
-0.10431372
-0.14664062
-0.14100777
-0.12459201
-0.11574038
-0.10318715
-0.09851992
-0.12974205
-0.12072948
-0.09674960
-0.14390466
-0.11316536
-0.10366997
-0.13392646
-0.12604046
-0.11493568
-0.10656686
-0.14052495
-0.13344364
-0.11767164
-0.10865907
-0.14647969
-0.13714524
-0.10994658
-0.10157776
-0.13328270
-0.12604046
-0.10157776
-0.14857189
-0.13086862
-0.12330450
-0.11413099
-0.10350903
-0.13907650
-0.13151238
-0.10865907
-0.10045119
-0.13215613
-0.12443107
-0.10206058
-0.15082503
-0.11912009
-0.11042940
-0.13794993
-0.12974205
-0.10173870
-0.09707147
-0.13022487
-0.12089042
-0.10302621
-0.09787617
-0.13215613
-0.12330450
-0.10238246
-0.09964650
-0.13955932
-0.13102956
-0.10930282
-0.10254339
-0.13457021
-0.12459201
-0.11059033
-0.10608405
-0.14165152
-0.13312177
-0.11397005
-0.10495748
-0.14583593
-0.13843275
-0.11622319
-0.10898095
-0.14116871
-0.13296083
-0.10704968
-0.10012931
-0.13473115
-0.12378732
-0.10141682
-0.09658866
-0.13521397
-0.12748891
-0.10479654
-0.09868086
-0.13730617
-0.12909830
-0.10415278
-0.10029025
-0.12877642
-0.11976385
-0.09948556
-0.14760626
-0.11783258
-0.10978564
-0.09417458
-0.14696250
-0.11879821
-0.10994658
-0.09578396
-0.14422654
-0.11895915
-0.10882001
-0.08773702
-0.13907650
-0.10849813
-0.10061213
-0.12958111
-0.12298262
-0.14068589
-0.13408740
-0.10350903
-0.09771523
-0.12217793
-0.11316536
-0.09481833
-0.13794993
-0.11123409
-0.10334809
-0.14293903
-0.13601866
-0.10769344
-0.10061213
-0.12362638
-0.11622319
-0.13778899
-0.13022487
-0.11091221
-0.10576217
-0.13762805
-0.13135144
-0.10447466
-0.09916368
-0.13038581
-0.12153417
-0.08805890
-0.13231707
-0.11187784
-0.10447466
-0.09224331
-0.13521397
-0.11863727
-0.11010752
-0.08854172
-0.13505303
-0.09514021
-0.08693233
-0.11831540
-0.11123409
-0.10238246
-0.09433552
-0.12974205
-0.12201699
-0.09980743
-0.09224331
-0.11944197
-0.11187784
-0.09530115
-0.13650148
-0.11590131
-0.10946376
-0.09208237
-0.13086862
-0.10721062
-0.10093401
-0.13344364
-0.12684515
-0.11702789
-0.11139503
-0.09497927
-0.13392646
-0.10527935
-0.09900274
-0.13070768
-0.12410919
-0.10254339
-0.09674960
-0.12346544
-0.11670601
-0.10366997
-0.09691054
-0.13473115
-0.12781079
-0.10511842
-0.09932462
-0.12636234
-0.11815446
-0.09530115
-0.08982923
-0.12732797
-0.11944197
-0.09546209
-0.09111674
-0.12491389
-0.11654507
-0.10366997
-0.09803711
-0.13296083
-0.12668421
-0.09932462
-0.09336988
-0.12298262
-0.11638413
-0.09996837
-0.09530115
-0.11976385
-0.11155597
-0.09610584
-0.09143862
-0.11847634
-0.10978564
-0.09031205
-0.08500106
-0.11606225
-0.10737156
-0.08628857
-0.13569679
-0.10688874
-0.09755429
-0.12990299
-0.12394825
-0.10045119
-0.09272613
-0.13151238
-0.12604046
-0.10029025
-0.09240425
-0.08854172
-0.12861548
-0.11236066
-0.10334809
-0.05007734
-0.68498054
-3.55628670
-3.71658204
-3.56771337
-3.60215433
-3.56723056
-3.59121048
-3.57994474
-3.62500768
-3.57994474
-3.61406383
-3.57624314
-3.61325913
-3.58525573
-3.61985763
-3.60070588
-3.65767832
-3.60328091
-3.64721728
-3.60955753
-3.66266743
-3.62372017
-3.67827853
-3.62243266
-3.68503797
-3.61486852
-3.66395495
-3.60987941
-3.66298931
-3.62050139
-3.67505975
-3.62243266
-3.68230201
-3.61824824
-3.66926594
-3.61776543
-3.67200190
-3.61728261
-3.66669091
-3.61599510
-3.67248472
-3.62066233
-3.67216284
-3.62935304
-3.69034896
-3.63080149
-3.68857863
-3.62259360
-3.68278482
-3.62645614
-3.67795665
-3.63917032
-3.70499442
-3.63562966
-3.69179742
-3.62919210
-3.69211929
-3.62468581
-3.67489881
-3.61599510
-3.66797842
-3.62935304
-3.68358952
-3.63128431
-3.67763477
-3.62194984
-3.66942688
-3.61647791
-3.67135815
-3.60971847
-3.65156264
-3.62194984
-3.67876135
-3.62838741
-3.68133637
-3.61197162
-3.66395495
-3.61422477
-3.66202368
-3.62436393
-3.68439422
-3.62130609
-3.66588622
-3.62211078
-3.67650820
-3.62790459
-3.68149731
-3.62565144
-3.68600361
-3.63579060
-3.69211929
-3.62677801
-3.68407234
-3.63788281
-3.69646465
-3.64705634
-3.71223669
-3.63739999
-3.69228023
-3.63369840
-3.69260211
-3.63208900
-3.68455515
-3.64094066
-3.70418973
-3.63257182
-3.68584267
-3.62758271
-3.68439422
-3.63208900
-3.68342858
-3.63691718
-3.69936155
-3.62420299
-3.66797842
-3.61728261
-3.66926594
-3.62034045
-3.66250650
-3.62323735
-3.67827853
-3.63579060
-3.68552079
-3.64528601
-3.70837415
-3.63466403
-3.68616455
-3.64818291
-3.69501620
-3.62854834
-3.68246295
-3.62098421
-3.67457693
-3.62098421
-3.66733467
-3.61873106
-3.67393317
-3.63289370
-3.68696924
-3.62983586
-3.68616455
-3.64174535
-3.70306315
-3.65767832
-3.72688215
-3.64303286
-3.70338503
-3.64721728
-3.71448983
-3.66073616
-3.73187126
-3.57978380
-3.62017951
-3.59201517
-3.62146702
-3.60875284
-3.65639081
-3.63031867
-3.68310670
-3.64222817
-3.70483348
-3.65719550
-3.72591651
-3.66009241
-3.73299784
-3.57720878
-3.73637756
-3.65896583
-3.73010093
-3.57849629
-3.74168855
-3.58042756
-3.61052317
-3.58284165
-3.60617781
-3.58461198
-3.63562966
-3.58686512
-3.61213256
-3.65944865
-3.73187126
-3.66395495
-3.73331971
-3.57205873
-3.74313700
-3.58927921
-3.61470758
-3.58734794
-3.62146702
-3.58380728
-3.60585593
-3.59990119
-3.63917032
-3.58944015
-3.61889200
-3.57109309
-3.73766507
-3.65816114
-3.72736496
-3.65896583
-3.73154938
-3.64142347
-3.70209752
-3.63257182
-3.69067084
-3.62790459
-3.68262388
-3.64126253
-3.70676475
-3.62645614
-3.68085355
-3.64673446
-3.71352420
-3.64753916
-3.70950072
-3.64319380
-3.71014448
-3.64142347
-3.70097095
-3.63933126
-3.70258034
-3.64126253
-3.70241940
-3.55853985
-3.73122750
-3.65220639
-3.72285867
-3.65735644
-3.73235408
-3.65510330
-3.72511182
-3.65397672
-3.72430712
-3.64786104
-3.71030542
-3.63546873
-3.69839592
-3.64963137
-3.71545547
-3.56610398
-3.61261538
-3.58734794
-3.61647791
-3.59153236
-3.63031867
-3.59796992
-3.63353746
-3.59201517
-3.64029690
-3.61599510
-3.66137992
-3.61792636
-3.66878312
-3.63369840
-3.68777394
-3.65944865
-0.30226840
-0.11268254
-0.10447466
-0.13006393
-0.12201699
-0.13778899
-0.12990299
-0.10077307
-0.09610584
-0.12266074
-0.11332629
-0.09433552
-0.08757609
-0.12523576
-0.11638413
-0.08870266
-0.08693233
-0.10849813
-0.10012931
-0.08902453
-0.13843275
-0.11010752
-0.10141682
-0.14326091
-0.13569679
-0.11236066
-0.10222152
-0.14100777
-0.13473115
-0.10640593
-0.09691054
-0.13875462
-0.13006393
-0.09771523
-0.08886360
-0.12249981
-0.11397005
-0.09336988
-0.08500106
-0.10495748
-0.09851992
-0.13923744
-0.13022487
-0.10173870
-0.09497927
-0.13183426
-0.12362638
-0.10141682
-0.09449645
-0.13778899
-0.13038581
-0.10125588
-0.09465739
-0.13038581
-0.12217793
-0.09771523
-0.09336988
-0.12121230
-0.11236066
-0.09031205
-0.14036401
-0.11734976
-0.10898095
-0.08805890
-0.08693233
-0.11960291
-0.10946376
-0.13714524
-0.13006393
-0.09707147
-0.08870266
-0.12105136
-0.11332629
-0.09320894
-0.13811087
-0.10302621
-0.09610584
-0.12604046
-0.11670601
-0.08194323
-0.13617960
-0.11155597
-0.10350903
-0.09111674
-0.14261715
-0.11252160
-0.10302621
-0.14293903
-0.13714524
-0.11879821
-0.10865907
-0.09159956
-0.14052495
-0.12475295
-0.11477474
-0.09626678
-0.09111674
-0.11461380
-0.10511842
-0.13392646
-0.12668421
-0.09851992
-0.08902453
-0.11799352
-0.11107315
-0.09562303
-0.14213434
-0.10157776
-0.09497927
-0.13102956
-0.12169511
-0.08918547
-0.08773702
-0.11107315
-0.10286527
-0.13891556
-0.13296083
-0.10029025
-0.09159956
-0.12443107
-0.11702789
-0.09401364
-0.13794993
-0.11042940
-0.10189964
-0.14116871
-0.13360458
-0.10576217
-0.09932462
-0.12571858
-0.11895915
-0.09465739
-0.08886360
-0.11557944
-0.10688874
-0.09272613
-0.14052495
-0.11268254
-0.10624499
-0.13601866
-0.12893736
-0.10350903
-0.09514021
-0.12201699
-0.11525756
-0.09900274
-0.14132964
-0.11815446
-0.11300442
-0.09851992
-0.13714524
-0.11574038
-0.11091221
-0.14390466
-0.13617960
-0.11815446
-0.11075127
-0.14390466
-0.13794993
-0.11413099
-0.10592311
-0.13263895
-0.12491389
-0.10206058
-0.09755429
-0.12266074
-0.11525756
-0.09417458
-0.14068589
-0.11879821
-0.10994658
-0.14149058
-0.13505303
-0.10399184
-0.09674960
-0.12378732
-0.11606225
-0.10125588
-0.09336988
-0.11912009
-0.11268254
-0.10801531
-0.09996837
-0.12636234
-0.12024666
-0.10688874
-0.09900274
-0.12427013
-0.11654507
-0.14406560
-0.13714524
-0.12040760
-0.11236066
-0.14293903
-0.13601866
-0.11059033
-0.10415278
-0.13601866
-0.12829360
-0.10544029
-0.10189964
-0.13730617
-0.12845454
-0.10399184
-0.09835899
-0.11799352
-0.10994658
-0.09449645
-0.14438748
-0.11525756
-0.10753250
-0.10189964
-0.14406560
-0.12378732
-0.11606225
-0.09320894
-0.14020307
-0.12249981
-0.11397005
-0.10415278
-0.09819805
-0.12620140
-0.11831540
-0.09948556
-0.09578396
-0.12410919
-0.11702789
-0.09884180
-0.09353082
-0.12024666
-0.11155597
-0.14277809
-0.13746711
-0.11509662
-0.10688874
-0.13827181
-0.13070768
-0.10704968
-0.10045119
-0.13151238
-0.12443107
-0.10415278
-0.09658866
-0.11670601
-0.11059033
-0.14326091
-0.13650148
-0.11557944
-0.11075127
-0.13730617
-0.13006393
-0.11509662
-0.11042940
-0.14293903
-0.13569679
-0.10495748
-0.65971318
-3.57801347
-3.60778720
-3.56513835
-3.73331971
-3.57286342
-3.59426832
-3.56497741
-3.60006213
-3.56932277
-3.73251502
-3.65156264
-3.72318055
-3.63579060
-3.69340681
-3.64850479
-3.71529453
-3.64045784
-3.69984437
-3.63820469
-3.70418973
-3.64061878
-3.70032719
-3.64238911
-3.70998354
-3.64963137
-3.71706486
-3.56819619
-3.73669944
-3.56900089
-3.72929623
-3.56835713
-3.61036223
-3.64963137
-3.71899613
-3.64142347
-3.70933978
-3.64222817
-3.70596006
-3.64190629
-3.70740851
-3.62339829
-3.67361129
-3.60022307
-3.64383756
-3.59459020
-3.62629520
-3.58445104
-3.63434215
-3.57946193
-3.60295903
-3.56320708
-3.72865248
-3.63917032
-3.70000531
-3.63047961
-3.69469432
-3.63949220
-3.69855686
-3.64947043
-3.72108834
-3.64319380
-3.70531630
-3.65671269
-3.71014448
-3.62887022
-3.68857863
-3.62259360
-3.68165825
-3.63305464
-3.69324587
-3.63820469
-3.70467255
-3.63611248
-3.69775216
-3.62452487
-3.68326764
-3.63080149
-3.68873957
-3.62388111
-3.68310670
-3.61824824
-3.66878312
-3.60859190
-3.66009241
-3.58509479
-3.61663885
-3.60569499
-3.66137992
-3.60987941
-3.65365484
-3.61679979
-3.67119721
-3.63031867
-3.68632548
-3.63369840
-3.69807404
-3.63965314
-3.70354597
-3.63369840
-3.69710841
-3.62388111
-3.67683008
-3.62146702
-3.68214107
-3.60939659
-3.65429860
-3.60505124
-3.65687363
-3.60730439
-3.65140170
-3.60633875
-3.66218462
-3.59732616
-3.63434215
-3.58927921
-3.63128431
-3.59088860
-3.62339829
-3.59603865
-3.64625165
-3.58911827
-3.62194984
-3.58944015
-3.63305464
-3.60939659
-3.65107982
-3.61406383
-3.65317203
-3.60070588
-3.64367662
-3.60151058
-3.65494236
-3.60987941
-3.65800020
-3.61374195
-3.67377223
-3.61583416
-3.66797842
-3.62082327
-3.67811759
-3.62130609
-3.67425505
-3.61985763
-3.68101449
-3.61889200
-3.66958782
-3.62194984
-3.67972698
-3.63096243
-3.68970521
-3.63643436
-3.70499442
-3.64383756
-3.71030542
-3.64705634
-3.71803049
-3.65236733
-3.72253679
-3.57141497
-3.61535134
-3.57221967
-3.59555583
-3.56594305
-3.73412441
-3.56642586
-3.72720403
-3.55709140
-3.72704309
-3.56867901
-3.73074469
-3.56401178
-3.73251502
-3.57205873
-3.73718225
-3.56996652
-3.61583416
-3.57736972
-3.60054494
-3.56851807
-3.59764804
-3.57865723
-3.60199340
-3.56417272
-3.73766507
-3.64866573
-3.71432889
-3.64222817
-3.70724757
-3.65140170
-3.71786956
-3.65622987
-3.70724757
-3.62870928
-3.68198013
-3.59732616
-3.63900939
-3.59153236
-3.62774365
-3.58718700
-3.63192807
-3.57624314
-3.59925743
-3.57849629
-3.61583416
-3.57109309
-3.73203220
-3.55596482
-3.72849154
-3.65622987
-3.72591651
-3.64432038
-3.71175387
-3.64963137
-3.71626016
-3.64464225
-3.71255856
-3.63933126
-3.69855686
-3.63530779
-3.69646465
-3.62098421
-3.66926594
-3.62758271
-3.68535985
-3.61889200
-3.66186274
-3.62082327
-3.67328942
-3.60601687
-3.64544695
-3.61036223
-3.66331119
-3.62452487
-3.67200190
-3.63273276
-3.68777394
-3.62532956
-3.67618632
-3.64061878
-3.70499442
-3.63788281
-3.69163648
-3.64818291
-3.71561641
-3.64834385
-3.70628194
-3.65107982
-3.72092740
-3.64995324
-3.71143199
-3.65172357
-3.71980082
-3.66363307
-3.73380253
-3.66813936
-0.31353411
-0.11203878
-0.10286527
-0.13601866
-0.12877642
-0.10334809
-0.15162973
-0.11751070
-0.11171691
-0.13473115
-0.12684515
-0.10189964
-0.15130785
-0.11203878
-0.10366997
-0.14293903
-0.13408740
-0.10447466
-0.15243442
-0.13006393
-0.12249981
-0.10173870
-0.14857189
-0.12829360
-0.12040760
-0.10189964
-0.15018128
-0.12443107
-0.11638413
-0.14487030
-0.13907650
-0.11252160
-0.10576217
-0.13328270
-0.12475295
-0.14487030
-0.13794993
-0.10624499
-0.09771523
-0.12314356
-0.11702789
-0.14551405
-0.13794993
-0.11284348
-0.10527935
-0.13730617
-0.12877642
-0.10544029
-0.10189964
-0.13376552
-0.12443107
-0.09884180
-0.14760626
-0.11734976
-0.10753250
-0.14776720
-0.14132964
-0.11590131
-0.10737156
-0.14020307
-0.13312177
-0.11332629
-0.10479654
-0.14390466
-0.13601866
-0.10737156
-0.09932462
-0.12008572
-0.11268254
-0.14728438
-0.13955932
-0.11091221
-0.10527935
-0.13585773
-0.12684515
-0.14937658
-0.14309997
-0.11718883
-0.10785437
-0.14792813
-0.13859368
-0.11284348
-0.10254339
-0.12137323
-0.11413099
-0.14567499
-0.13746711
-0.10592311
-0.10045119
-0.13360458
-0.12427013
-0.10334809
-0.09755429
-0.12491389
-0.11606225
