0 0 0 0    4.785065404705502
1 0 0 0    0.741380351973408
1 1 0 0    1.118946866342470
1 0 1 0    0.136873385354388
1 1 1 0    0.256633394730974
1 1 1 1    0.817206321526058
2 0 0 0    0.000000000000000
3 0 0 0    0.000000000000000
4 0 0 0    0.000000000000000
2 1 0 0    0.000000000000000
3 1 0 0    0.000000000000000
4 1 0 0    0.000000000000000
2 0 1 0    0.000000000000000
3 0 1 0    0.000000000000000
4 0 1 0    0.000000000000000
2 1 1 0   -0.000000000000000
3 1 1 0    0.000000000000000
4 1 1 0    0.000000000000000
2 0 1 1    0.000000000000000
3 0 1 1    0.000000000000000
4 0 1 1    0.000000000000000
2 1 1 1    0.000000000000000
3 1 1 1    0.000000000000000
4 1 1 1    0.000000000000000
2 2 0 0    1.115813812152427
3 2 0 0    0.000000000000000
3 3 0 0    1.115813812152427
4 2 0 0    0.000000000000000
4 3 0 0    0.000000000000000
4 4 0 0    1.115813812152427
2 0 2 0    0.024477412258099
3 0 2 0    0.000000000000000
3 0 3 0    0.024477412258099
4 0 2 0    0.000000000000000
4 0 3 0    0.000000000000000
4 0 4 0    0.024477412258099
2 2 1 0    0.256683985810103
3 2 1 0    0.000000000000000
3 3 1 0    0.256683985810103
4 2 1 0    0.000000000000000
4 3 1 0    0.000000000000000
4 4 1 0    0.256683985810103
2 1 2 0    0.037808607416361
3 0 2 1    0.000000000000000
4 0 2 1    0.000000000000000
3 1 2 0    0.000000000000000
3 1 3 0    0.037808607416361
4 0 3 1    0.000000000000000
4 1 2 0    0.000000000000000
4 1 3 0    0.000000000000000
4 1 4 0    0.037808607416361
2 2 1 1    0.817022605320914
3 2 1 1    0.000000000000000
3 3 1 1    0.817022605320914
4 2 1 1    0.000000000000000
4 3 1 1    0.000000000000000
4 4 1 1    0.817022605320914
2 1 2 1    0.180518392104632
3 1 2 1    0.000000000000000
3 1 3 1    0.180518392104632
4 1 2 1    0.000000000000000
4 1 3 1    0.000000000000000
4 1 4 1    0.180518392104632
2 2 2 0    0.000000000000000
3 2 2 0    0.000000000000000
3 3 2 0    0.000000000000000
4 2 2 0    0.000000000000000
4 3 2 0    0.000000000000000
4 4 2 0    0.000000000000000
3 0 2 2    0.000000000000000
3 2 3 0    0.000000000000000
3 3 3 0    0.000000000000000
4 2 3 0    0.000000000000000
4 3 3 0    0.000000000000000
4 4 3 0    0.000000000000000
4 0 2 2    0.000000000000000
4 0 3 2    0.000000000000000
4 0 3 3    0.000000000000000
4 2 4 0    0.000000000000000
4 3 4 0    0.000000000000000
4 4 4 0    0.000000000000000
2 2 2 1    0.000000000000000
3 2 2 1    0.000000000000000
3 3 2 1    0.000000000000000
4 2 2 1    0.000000000000000
4 3 2 1    0.000000000000000
4 4 2 1    0.000000000000000
3 1 2 2    0.000000000000000
3 2 3 1    0.000000000000000
3 3 3 1    0.000000000000000
4 2 3 1    0.000000000000000
4 3 3 1    0.000000000000000
4 4 3 1    0.000000000000000
4 1 2 2    0.000000000000000
4 1 3 2    0.000000000000000
4 1 3 3    0.000000000000000
4 2 4 1    0.000000000000000
4 3 4 1    0.000000000000000
4 4 4 1    0.000000000000000
2 2 2 2    0.880159093375045
3 2 2 2    0.000000000000000
3 2 3 2    0.047444445118384
3 3 2 2    0.785270203138277
3 3 3 2    0.000000000000000
3 3 3 3    0.880159093375045
4 2 2 2    0.000000000000000
4 2 3 2    0.000000000000000
4 2 3 3    0.000000000000000
4 2 4 2    0.047444445118384
4 3 2 2    0.000000000000000
4 3 3 2    0.000000000000000
4 3 3 3    0.000000000000000
4 3 4 2    0.000000000000000
4 3 4 3    0.047444445118384
4 4 2 2    0.785270203138277
4 4 3 2    0.000000000000000
4 4 3 3    0.785270203138277
4 4 4 2    0.000000000000000
4 4 4 3    0.000000000000000
4 4 4 4    0.880159093375045
5 0 0 0    0.196989249709503
5 1 0 0    0.444893704631716
5 0 1 0    0.036024085068876
5 1 1 0    0.103164766449675
5 0 1 1    0.066987722568492
5 1 1 1    0.359732524850059
5 2 0 0    0.186915884422918
5 3 0 0    0.000000000000000
5 4 0 0   -0.241405209882339
5 0 2 0    0.001003850121853
5 0 3 0    0.000000000000000
5 0 4 0   -0.001296490397831
5 2 1 0    0.043937065835859
5 3 1 0    0.000000000000000
5 4 1 0   -0.056745506849065
5 1 2 0    0.004687753167900
5 1 3 0    0.000000000000000
5 1 4 0   -0.006054317110969
5 0 2 1    0.001869406232456
5 0 3 1    0.000000000000000
5 0 4 1   -0.002414371605146
5 2 1 1    0.163693540107671
5 3 1 1    0.000000000000000
5 4 1 1   -0.211413136599267
5 1 2 1    0.034713086601058
5 1 3 1    0.000000000000000
5 1 4 1   -0.044832572589880
5 2 2 0    0.012972282224381
5 2 3 0    0.000000000000000
5 2 4 0   -0.002284822670882
5 3 2 0    0.000000000000000
5 3 3 0    0.011203183494136
5 3 4 0    0.000000000000000
5 4 2 0   -0.002284822670882
5 4 3 0    0.000000000000000
5 4 4 0    0.014154072864031
5 0 2 2    0.067005967597151
5 0 3 2    0.000000000000000
5 0 3 3    0.066863964093063
5 0 4 2   -0.000183400066903
5 0 4 3    0.000000000000000
5 0 4 4    0.067100828561698
5 2 2 1    0.078847091805890
5 2 3 1    0.000000000000000
5 2 4 1   -0.019551319579413
5 3 2 1    0.000000000000000
5 3 3 1    0.063708842749035
5 3 4 1    0.000000000000000
5 4 2 1   -0.019551319579413
5 4 3 1    0.000000000000000
5 4 4 1    0.088959721887085
5 1 2 2    0.360331241600179
5 1 3 2    0.000000000000000
5 1 3 3    0.353930575183423
5 1 4 2   -0.008266575227110
5 1 4 3    0.000000000000000
5 1 4 4    0.364607005032442
5 2 2 2    0.173750168821052
5 2 3 2    0.000000000000000
5 2 3 3    0.156146515876205
5 2 4 2   -0.013249429622447
5 2 4 3    0.000000000000000
5 2 4 4    0.161007048452460
5 3 2 2    0.000000000000000
5 3 3 2    0.007344848434431
5 3 3 3    0.000000000000000
5 3 4 2    0.000000000000000
5 3 4 3   -0.009486003200541
5 3 4 4    0.000000000000000
5 4 2 2   -0.205429446160512
5 4 3 2    0.000000000000000
5 4 3 3   -0.201666019738606
5 4 4 2    0.012205381010686
5 4 4 3    0.000000000000000
5 4 4 4   -0.226915490948702
5 5 0 0    0.560230046380319
5 0 5 0    0.009602115418274
5 5 1 0    0.132009310329941
5 1 5 0    0.027603422939005
5 5 1 1    0.524260432408376
5 1 5 1    0.190557333244081
5 5 2 0    0.008291410528086
5 5 3 0    0.000000000000000
5 5 4 0   -0.010708505084696
5 2 5 0    0.012314281305233
5 3 5 0    0.000000000000000
5 4 5 0   -0.015904114688904
5 5 2 1    0.082398848267720
5 5 3 1    0.000000000000000
5 5 4 1   -0.106419587193162
5 2 5 1    0.105340723615587
5 3 5 1    0.000000000000000
5 4 5 1   -0.136049429785435
5 5 2 2    0.526687645945478
5 5 3 2    0.000000000000000
5 5 3 3    0.502899429708512
5 5 4 2   -0.030722906997128
5 5 4 3    0.000000000000000
5 5 4 4    0.542578613929453
5 2 5 2    0.085915338608171
5 3 5 2    0.000000000000000
5 3 5 3    0.028285255593085
5 4 5 2   -0.074430283593852
5 4 5 3    0.000000000000000
5 4 5 4    0.124413298900103
5 5 5 0    0.035698177195732
5 5 5 1    0.338202301272807
5 5 5 2    0.213813253561476
5 5 5 3    0.000000000000000
5 5 5 4   -0.276143643494993
5 5 5 5    0.774605943919898
6 0 0 0    0.196989249709503
6 1 0 0    0.444893704631716
6 0 1 0    0.036024085068876
6 1 1 0    0.103164766449675
6 0 1 1    0.066987722568492
6 1 1 1    0.359732524850059
6 2 0 0    0.186915884422918
6 3 0 0    0.000000000000000
6 4 0 0    0.241405209882339
6 0 2 0    0.001003850121853
6 0 3 0    0.000000000000000
6 0 4 0    0.001296490397831
6 2 1 0    0.043937065835859
6 3 1 0    0.000000000000000
6 4 1 0    0.056745506849065
6 1 2 0    0.004687753167900
6 1 3 0    0.000000000000000
6 1 4 0    0.006054317110969
6 0 2 1    0.001869406232456
6 0 3 1    0.000000000000000
6 0 4 1    0.002414371605146
6 2 1 1    0.163693540107671
6 3 1 1    0.000000000000000
6 4 1 1    0.211413136599267
6 1 2 1    0.034713086601058
6 1 3 1    0.000000000000000
6 1 4 1    0.044832572589880
6 2 2 0    0.012972282224381
6 2 3 0    0.000000000000000
6 2 4 0    0.002284822670882
6 3 2 0    0.000000000000000
6 3 3 0    0.011203183494136
6 3 4 0    0.000000000000000
6 4 2 0    0.002284822670882
6 4 3 0    0.000000000000000
6 4 4 0    0.014154072864031
6 0 2 2    0.067005967597151
6 0 3 2    0.000000000000000
6 0 3 3    0.066863964093063
6 0 4 2    0.000183400066903
6 0 4 3    0.000000000000000
6 0 4 4    0.067100828561698
6 2 2 1    0.078847091805890
6 2 3 1    0.000000000000000
6 2 4 1    0.019551319579413
6 3 2 1    0.000000000000000
6 3 3 1    0.063708842749035
6 3 4 1    0.000000000000000
6 4 2 1    0.019551319579413
6 4 3 1    0.000000000000000
6 4 4 1    0.088959721887085
6 1 2 2    0.360331241600179
6 1 3 2    0.000000000000000
6 1 3 3    0.353930575183423
6 1 4 2    0.008266575227110
6 1 4 3    0.000000000000000
6 1 4 4    0.364607005032442
6 2 2 2    0.173750168821052
6 2 3 2    0.000000000000000
6 2 3 3    0.156146515876205
6 2 4 2    0.013249429622447
6 2 4 3    0.000000000000000
6 2 4 4    0.161007048452460
6 3 2 2    0.000000000000000
6 3 3 2    0.007344848434431
6 3 3 3    0.000000000000000
6 3 4 2    0.000000000000000
6 3 4 3    0.009486003200541
6 3 4 4    0.000000000000000
6 4 2 2    0.205429446160512
6 4 3 2    0.000000000000000
6 4 3 3    0.201666019738606
6 4 4 2    0.012205381010686
6 4 4 3    0.000000000000000
6 4 4 4    0.226915490948702
6 5 0 0    0.189978351281821
6 0 5 0    0.009456726803502
6 5 1 0    0.044418304770903
6 1 5 0    0.026756837912470
6 0 5 1    0.026756837912470
6 5 1 1    0.166748207183066
6 1 5 1    0.157774859147314
6 5 2 0    0.003246904342251
6 5 3 0    0.000000000000000
6 5 4 0    0.000000000000000
6 2 5 0    0.011940511731215
6 3 5 0    0.000000000000000
6 4 5 0    0.013994726032520
6 0 5 2    0.011940511731215
6 0 5 3    0.000000000000000
6 0 5 4   -0.013994726032520
6 5 2 1    0.027972791485262
6 5 3 1    0.000000000000000
6 5 4 1    0.000000000000000
6 2 5 1    0.084883088633399
6 3 5 1    0.000000000000000
6 4 5 1    0.076923409894626
6 1 5 2    0.084883088633399
6 1 5 3    0.000000000000000
6 1 5 4   -0.076923409894626
6 5 2 2    0.170793662457047
6 5 3 2    0.000000000000000
6 5 3 3    0.163025689710797
6 5 4 2   -0.000000000000000
6 5 4 3    0.000000000000000
6 5 4 4    0.166251925769566
6 2 5 2    0.067722571870617
6 2 5 3    0.000000000000000
6 2 5 4   -0.040356808899469
6 3 5 2    0.000000000000000
6 3 5 3    0.022749110966692
6 3 5 4    0.000000000000000
6 4 5 2    0.040356808899469
6 4 5 3    0.000000000000000
6 4 5 4   -0.015073648324181
6 5 5 0    0.011767347153954
6 0 5 5    0.034138467250315
6 5 5 1    0.087008812494567
6 1 5 5    0.234232586386161
6 5 5 2    0.054076511363435
6 5 5 3    0.000000000000000
6 5 5 4   -0.053267540625645
6 2 5 5    0.138781445367287
6 3 5 5    0.000000000000000
6 4 5 5    0.098731697495619
6 5 5 5    0.156920256734736
6 6 0 0    0.560230046380319
6 0 6 0    0.009602115418274
6 6 1 0    0.132009310329941
6 1 6 0    0.027603422939005
6 6 1 1    0.524260432408376
6 1 6 1    0.190557333244081
6 6 2 0    0.008291410528086
6 6 3 0    0.000000000000000
6 6 4 0    0.010708505084696
6 2 6 0    0.012314281305233
6 3 6 0    0.000000000000000
6 4 6 0    0.015904114688904
6 6 2 1    0.082398848267720
6 6 3 1    0.000000000000000
6 6 4 1    0.106419587193162
6 2 6 1    0.105340723615587
6 3 6 1    0.000000000000000
6 4 6 1    0.136049429785435
6 6 2 2    0.526687645945478
6 6 3 2    0.000000000000000
6 6 3 3    0.502899429708512
6 6 4 2    0.030722906997128
6 6 4 3    0.000000000000000
6 6 4 4    0.542578613929453
6 2 6 2    0.085915338608171
6 3 6 2    0.000000000000000
6 3 6 3    0.028285255593085
6 4 6 2    0.074430283593852
6 4 6 3    0.000000000000000
6 4 6 4    0.124413298900103
6 6 5 0    0.034138467250315
6 5 6 0    0.011767347153954
6 6 5 1    0.234232586386161
6 5 6 1    0.087008812494567
6 6 5 2    0.138781445367287
6 6 5 3    0.000000000000000
6 6 5 4   -0.098731697495619
6 5 6 2    0.054076511363435
6 5 6 3    0.000000000000000
6 5 6 4    0.053267540625645
6 6 5 5    0.362315435522326
6 5 6 5    0.047325268651739
6 6 6 0    0.035698177195732
6 6 6 1    0.338202301272807
6 6 6 2    0.213813253561476
6 6 6 3    0.000000000000000
6 6 6 4    0.276143643494993
6 6 6 5    0.156920256734736
6 6 6 6    0.774605943919898
